0.21211 0.128445 0.031896 0.021473 0.019467 0.012986 0.00308 0.00239
0.098241 0.015478 0.002064 0.002628 0.003073 0.002021 0.000925 0.000347
0.040768 0.037659 0.005357 0.007966 0.006412 0.006927 0.005313 0.001054
0.072663 0.046596 0.024338 0.017033 0.017751 0.004194 0.00222 0.000976
0.079461 0.028256 0.035607 0.01695 0.016808 0.009275 0.0071 0.005282
0.134721 0.070429 0.027639 0.012576 0.002185 0.001382 0.00312 0.000992
0.695317 0.044674 0.004618 0.005172 0.005719 0.011706 0.011172 0.003827
0.111243 0.030438 0.041281 0.002771 0.008405 0.007304 0.002053 0.003446
0.015064 0.004445 0.007748 0.003071 0.012001 0.016759 0.003729 0.002275
0.086408 0.065612 0.011291 0.003277 0.007688 0.007714 0.001153 0.001335
0.019059 0.007959 0.015295 0.011453 0.006792 0.006924 0.001336 0.001651
0.020638 0.011412 0.032241 0.003712 0.004641 0.021603 0.002652 0.003111
0.010404 0.018363 0.020655 0.011089 0.002322 0.006553 0.001859 0.002133
0.056397 0.009831 0.000808 0.004253 0.005968 0.003089 0.00132 0.001925
0.013835 0.015905 0.002397 0.002178 0.003253 0.008466 0.002357 0.001954
0.023468 0.010963 0.032413 0.013722 0.008746 0.003585 0.001224 0.000999
0.024897 0.009758 0.002529 0.013607 0.007261 0.005245 0.001149 0.001603
0.145727 0.061569 0.017284 0.008439 0.011915 0.017934 0.004025 0.00167
0.100713 0.041777 0.008522 0.00782 0.00627 0.003756 0.001896 0.003118
0.13907 0.048278 0.007436 0.005665 0.000666 0.002554 0.000291 0.000398
0.003424 0.004148 0.003383 0.024029 0.005363 0.002837 0.000782 0.002218
0.037318 0.014223 0.008053 0.007221 0.00701 0.002583 0.001748 0.00327
0.019719 0.014348 0.009768 0.022154 0.007115 0.009238 0.001443 0.001683
0.066295 0.024987 0.002317 0.002088 0.002039 0.00136 0.00041 0.000317
0.023881 0.008995 0.011183 0.014768 0.004359 0.011986 0.003621 0.001448
0.002463 0.009901 0.018794 0.004786 0.002928 0.008223 0.002114 0.00062
0.039945 0.007687 0.002947 0.00083 0.005238 0.009655 0.000723 0.002053
0.004058 0.011596 0.081991 0.007442 0.005105 0.015998 0.002598 0.000644
0.007592 0.034236 0.042532 0.003102 0.012631 0.003959 0.001165 0.000815
0.008864 0.0155 0.006112 0.01126 0.003139 0.006745 0.001821 0.000887
0.026836 0.015868 0.014712 0.007725 0.021159 0.009822 0.001918 0.001429
0.013475 0.011457 0.001608 0.000792 0.00265 0.004574 0.002284 0.001891
0.005039 0.008164 0.0276 0.001369 0.004363 0.009184 0.0011 0.002244
0.015531 0.01821 0.034703 0.009057 0.017304 0.007708 0.001469 0.001212
0.005511 0.017516 0.004128 0.002452 0.003344 0.006199 0.002203 0.001307
0.009325 0.017385 0.026477 0.027397 0.007992 0.019337 0.00304 0.00127
0.003444 0.005225 0.035215 0.01128 0.006495 0.003739 0.001567 0.001043
0.005973 0.007263 0.018748 0.002494 0.005711 0.007882 0.002488 0.001785
0.008252 0.021581 0.055292 0.009353 0.018109 0.004466 0.001891 0.001013
0.018634 0.007997 0.079283 0.006312 0.007616 0.004959 0.0017 0.002495
0.00301 0.011389 0.015422 0.013919 0.009583 0.007712 0.001641 0.001646
0.011257 0.038686 0.016723 0.000848 0.004982 0.004215 0.002311 0.001815
0.009982 0.015024 0.028951 0.004092 0.0026 0.003979 0.000931 0.00099
0.004853 0.015265 0.010037 0.011176 0.00588 0.004626 0.001634 0.000896
0.024896 0.037074 0.035756 0.006853 0.006175 0.008121 0.000953 0.001157
0.003332 0.011737 0.070307 0.017109 0.003976 0.00849 0.001539 0.00079
0.003241 0.004808 0.029619 0.002332 0.008337 0.01045 0.002029 0.001233
0.086118 0.035438 0.023339 0.016534 0.002258 0.003144 0.002987 0.002097
0.002998 0.031975 0.018384 0.008849 0.003397 0.003859 0.00139 0.001777
0.070391 0.043423 0.019117 0.018013 0.006038 0.003467 0.002157 0.001424
0.009137 0.012774 0.033197 0.003317 0.001887 0.003027 0.001904 0.001096
0.010423 0.007038 0.033947 0.009451 0.005908 0.005164 0.001306 0.001699
0.009861 0.005975 0.012195 0.004933 0.00447 0.002322 0.001505 0.000876
0.003947 0.003039 0.029023 0.007433 0.018175 0.007359 0.003231 0.002606
0.911444 0.04129 0.017365 0.008521 0.005386 0.013581 0.004383 0.003924
0.023699 0.011076 0.013392 0.005907 0.000795 0.017397 0.003847 0.00149
0.010335 0.01552 0.031867 0.006922 0.009947 0.004092 0.001842 0.001211
0.008573 0.00275 0.019911 0.03893 0.006335 0.013535 0.001382 0.001902
0.007231 0.025326 0.081503 0.009009 0.026409 0.012983 0.002289 0.003422
0.002956 0.005538 0.011417 0.00637 0.002495 0.004757 0.000943 0.001925
0.002295 0.009175 0.002813 0.001666 0.009256 0.005252 0.001538 0.001274
0.47086 0.044827 0.038549 0.046994 0.015073 0.004502 0.003961 0.003199
0.147784 0.045637 0.009933 0.009659 0.00552 0.004118 0.000971 0.000973
0.074365 0.15516 0.053574 0.005922 0.0254 0.006628 0.004132 0.00262
0.068139 0.007988 0.015601 0.005877 0.002296 0.002122 0.001284 0.000214
0.022822 0.067952 0.008961 0.022182 0.010705 0.003591 0.000877 0.001521
0.015671 0.033497 0.037261 0.033353 0.011012 0.00689 0.001553 0.001159
0.026545 0.043762 0.095875 0.031462 0.009831 0.007897 0.002756 0.002132
0.068612 0.066029 0.134632 0.02256 0.034267 0.007682 0.001939 0.003863
0.024942 0.035007 0.073226 0.068726 0.034671 0.007427 0.001584 0.002069
0.005371 0.055885 0.028373 0.003798 0.004228 0.009416 0.003259 0.002237
0.038706 0.045337 0.01132 0.023289 0.00197 0.004987 0.00218 0.000866
0.061219 0.022175 0.039236 0.030096 0.00492 0.005715 0.001374 0.00243
0.019636 0.103068 0.029514 0.049865 0.013943 0.008563 0.001164 0.002129
0.028258 0.011786 0.04877 0.009015 0.021174 0.012675 0.001401 0.001507
0.011276 0.093281 0.084904 0.027127 0.007526 0.009854 0.002185 0.001175
0.075197 0.091666 0.012093 0.037071 0.017996 0.008825 0.002443 0.002397
0.035574 0.052388 0.248461 0.012869 0.011834 0.011247 0.00187 0.005685
0.032261 0.038682 0.066538 0.004945 0.008897 0.016392 0.002598 0.001476
0.015463 0.082984 0.335531 0.018618 0.01085 0.005694 0.000853 0.003193
0.005491 0.023741 0.098209 0.018123 0.008187 0.006682 0.001154 0.002352
0.030249 0.052913 0.032398 0.027106 0.009626 0.032387 0.003534 0.003696
0.075628 0.01286 0.063037 0.020436 0.005087 0.004123 0.000878 0.001267
0.045287 0.024523 0.109046 0.015715 0.007999 0.004622 0.002186 0.001459
0.035647 0.040528 0.027369 0.013539 0.013283 0.008933 0.004671 0.001748
0.585036 0.027292 0.07034 0.008747 0.00654 0.002449 0.001863 0.00155
0.091898 0.029127 0.057763 0.020593 0.021686 0.009547 0.003721 0.001449
0.427397 0.06702 0.169965 0.064241 0.012973 0.006014 0.00214 0.002096
0.088134 0.076919 0.013888 0.00425 0.029254 0.016614 0.001587 0.001877
0.066384 0.089427 0.024585 0.017949 0.01411 0.039286 0.002855 0.001674
0.563366 0.016285 0.019665 0.040565 0.006304 0.019546 0.002729 0.001996
0.043203 0.050922 0.047363 0.035609 0.004736 0.004955 0.002971 0.001191
0.010401 0.176717 0.111402 0.022684 0.018489 0.005523 0.001687 0.001883
0.021205 0.027236 0.042871 0.009587 0.009169 0.004284 0.000944 0.001094
0.094163 0.019076 0.019457 0.017451 0.005778 0.010903 0.002475 0.001253
0.065346 0.023187 0.006018 0.001197 0.002252 0.001673 0.000237 0.000768
0.027208 0.062693 0.051978 0.005106 0.007055 0.005919 0.001137 0.001468
0.186363 0.052393 0.155381 0.015508 0.010358 0.007199 0.001705 0.001216
0.040001 0.116136 0.069508 0.021099 0.012574 0.013016 0.00449 0.001921
0.062902 0.04665 0.001338 0.008467 0.001268 0.001949 0.000726 0.000442
0.010761 0.042593 0.144799 0.017622 0.0299 0.009136 0.003453 0.002116
0.016674 0.040578 0.040232 0.005307 0.008958 0.00734 0.001114 0.00077
0.017938 0.076804 0.121456 0.006654 0.009772 0.003236 0.002577 0.000954
0.023643 0.034865 0.036006 0.019049 0.002746 0.003039 0.000899 0.000869
0.0834 0.04731 0.023255 0.003149 0.003978 0.004089 0.002067 0.003255
0.021324 0.070751 0.060368 0.003529 0.012711 0.008741 0.003449 0.001531
0.024663 0.06188 0.149432 0.041558 0.012764 0.0099 0.001924 0.001252
0.125562 0.027306 0.018453 0.006233 0.007505 0.002433 0.000482 0.000213
0.034542 0.031706 0.237201 0.042557 0.021209 0.01255 0.002955 0.001552
0.042751 0.104955 0.141412 0.033448 0.022205 0.004891 0.001153 0.003216
0.102864 0.054127 0.058206 0.006501 0.005007 0.004437 0.000382 0.000273
0.012326 0.196803 0.020614 0.012691 0.007383 0.013767 0.000871 0.001416
0.096747 0.026112 0.029176 0.004209 0.008007 0.0071 0.001803 0.002202
0.026049 0.06299 0.058384 0.019322 0.00927 0.010986 0.002169 0.000619
0.003691 0.009945 0.025394 0.009136 0.008789 0.00574 0.002646 0.001297
0.023518 0.084712 0.03039 0.047429 0.013227 0.014627 0.003947 0.00103
0.0084 0.075154 0.072014 0.017601 0.005023 0.008425 0.002397 0.000687
0.027192 0.089977 0.053707 0.019266 0.018103 0.005152 0.001085 0.000765
0.016722 0.012852 0.109943 0.013633 0.007133 0.004925 0.001528 0.002737
0.076271 0.029467 0.010164 0.002204 0.004166 0.001331 0.000346 0.000354
0.03439 0.054369 0.041759 0.029453 0.019247 0.00777 0.002821 0.000845
0.039027 0.047819 0.086741 0.018085 0.019097 0.004426 0.001392 0.001658
0.061644 0.019358 0.028983 0.011167 0.002097 0.00248 0.000208 0.000187
0.055829 0.140973 0.060788 0.007666 0.010966 0.009282 0.000815 0.003705
0.01566 0.115934 0.035512 0.011177 0.003756 0.025282 0.001539 0.001828
0.036982 0.05133 0.085646 0.01718 0.008248 0.004581 0.003087 0.001928
0.004567 0.064598 0.195691 0.006061 0.022069 0.021147 0.002258 0.000962
0.046618 0.024707 0.039098 0.003784 0.007064 0.003707 0.001467 0.002264
0.033483 0.032275 0.015093 0.00675 0.010201 0.005064 0.003121 0.001084
0.015037 0.031438 0.006999 0.007348 0.006474 0.011403 0.00072 0.002169
0.02158 0.05704 0.124179 0.003663 0.021745 0.006664 0.000712 0.002294
0.004584 0.137667 0.170882 0.015201 0.005915 0.003088 0.000777 0.000771
0.012891 0.035146 0.185206 0.027469 0.014189 0.015891 0.00215 0.002093
0.002143 0.084989 0.056328 0.003483 0.012806 0.01545 0.00244 0.000887
0.023789 0.016675 0.141341 0.006417 0.020941 0.003716 0.001294 0.001209
0.002637 0.025373 0.043245 0.019325 0.011813 0.006943 0.001704 0.001511
0.061124 0.032436 0.080756 0.012697 0.03499 0.019406 0.001062 0.000782
0.042509 0.062151 0.057175 0.01314 0.010635 0.005925 0.001106 0.002101
0.014917 0.011403 0.037733 0.018514 0.004656 0.0102 0.001192 0.001752
0.013177 0.048855 0.061506 0.004596 0.006088 0.009255 0.001461 0.000739
0.009457 0.017406 0.228513 0.017365 0.023001 0.003743 0.001558 0.001782
0.007479 0.056907 0.103329 0.010918 0.008513 0.00477 0.001342 0.000805
0.006025 0.0317 0.041084 0.002866 0.012405 0.004106 0.001145 0.001335
0.097209 0.012061 0.032095 0.016506 0.019404 0.00597 0.007692 0.006622
0.090296 0.067643 0.022993 0.002775 0.013995 0.008167 0.000983 0.001224
0.015811 0.0406 0.066127 0.008393 0.016712 0.008728 0.002894 0.000848
0.013985 0.053727 0.134915 0.033105 0.017734 0.009142 0.001279 0.002191
0.00497 0.014408 0.047973 0.008112 0.007582 0.00497 0.001949 0.000748
0.025058 0.01561 0.122462 0.023869 0.017465 0.004426 0.001316 0.00093
0.006408 0.048088 0.057694 0.015733 0.004867 0.006052 0.001998 0.001244
0.018419 0.006231 0.023756 0.007039 0.010007 0.007046 0.004197 0.001038
0.025202 0.040713 0.090728 0.009354 0.018534 0.005335 0.001378 0.001418
0.027561 0.040349 0.021391 0.007013 0.004766 0.00796 0.002778 0.001277
0.036925 0.060589 0.051477 0.028893 0.005921 0.00262 0.002319 0.002846
0.28724 0.056034 0.268348 0.006016 0.017607 0.005361 0.002639 0.001929
0.34239 0.098948 0.001931 0.010129 0.009878 0.006579 0.00129 0.001891
0.009324 0.013176 0.035087 0.004427 0.003071 0.00271 0.001742 0.002092
0.278088 0.057914 0.061741 0.010093 0.014537 0.01066 0.002277 0.001136
0.159596 0.054061 0.060969 0.01494 0.006885 0.00585 0.00295 0.003902
0.009944 0.052767 0.107042 0.017073 0.007099 0.011762 0.001633 0.000811
0.017852 0.015005 0.061752 0.019124 0.00608 0.003603 0.000833 0.002087
0.03134 0.015729 0.109237 0.007594 0.008283 0.00356 0.002686 0.000529
0.024622 0.06112 0.153043 0.012461 0.012509 0.005726 0.002715 0.001325
0.128285 0.080159 0.351803 0.00422 0.006866 0.013662 0.003397 0.00066
0.073292 0.016356 0.018659 0.009209 0.004 0.001304 0.000652 0.000342
0.061431 0.068961 0.07586 0.003661 0.01117 0.009433 0.002041 0.001379
0.189493 0.018267 0.009661 0.000937 0.002018 0.002601 0.000522 0.000578
0.24883 0.045852 0.079077 0.010817 0.01437 0.005231 0.001226 0.00227
0.053237 0.020923 0.012599 0.01522 0.007058 0.004637 0.001421 0.000812
0.458499 0.086121 0.032646 0.001683 0.006543 0.000817 0.000746 0.001263
0.169916 0.123058 0.038496 0.049501 0.031134 0.00408 0.003602 0.003008
0.042898 0.019828 0.022969 0.003455 0.00825 0.006228 0.001529 0.001114
0.075734 0.037545 0.043434 0.070893 0.014119 0.011175 0.002154 0.002796
0.684666 0.107289 0.01418 0.001538 0.00479 0.003593 0.001287 0.000406
0.023528 0.140486 0.101621 0.005069 0.013083 0.008183 0.001124 0.00119
0.042065 0.040576 0.124789 0.001204 0.014063 0.00728 0.003262 0.002287
0.01053 0.025135 0.073781 0.016803 0.014024 0.008764 0.001336 0.001813
0.011713 0.049485 0.120255 0.047041 0.005454 0.006049 0.001902 0.001106
0.019627 0.025683 0.158875 0.044629 0.017008 0.010722 0.003045 0.001055
0.046594 0.031561 0.03799 0.005115 0.008666 0.008884 0.003288 0.001046
0.029906 0.050115 0.0544 0.015237 0.006413 0.004656 0.001539 0.000938
0.013577 0.05889 0.085014 0.009035 0.009278 0.004119 0.00258 0.001231
0.042306 0.027177 0.03041 0.034644 0.010201 0.007012 0.001825 0.001174
0.083281 0.020075 0.031108 0.007395 0.002696 0.001107 0.000731 0.000365
0.357348 0.123312 0.032802 0.023617 0.01736 0.010993 0.002831 0.000698
0.004197 0.014451 0.030506 0.001143 0.001143 0.000962 0.000289 0.000354
0.01417 0.027447 0.114377 0.014095 0.008655 0.004097 0.001886 0.001364
0.056555 0.181635 0.083548 0.013615 0.016295 0.00738 0.000844 0.000917
0.090176 0.027736 0.145519 0.011757 0.013277 0.006467 0.002009 0.001775
0.322371 0.087999 0.059381 0.027428 0.016772 0.006956 0.003271 0.001167
2.2638 0.364726 0.136917 0.108463 0.023923 0.030209 0.01209 0.004095
0.078211 0.016008 0.01421 0.011246 0.001724 0.001905 0.000498 0.000326
0.715898 0.086193 0.037583 0.011887 0.007676 0.004045 0.001955 0.000723
0.069744 0.030032 0.155805 0.021377 0.025874 0.003367 0.001474 0.001529
0.028044 0.015051 0.00773 0.001753 0.001544 0.002636 0.000498 0.000221
0.020902 0.044915 0.084518 0.010333 0.00498 0.008165 0.001314 0.001989
0.126615 0.037229 0.047989 0.083416 0.005657 0.007361 0.001128 0.001663
0.028493 0.039399 0.02716 0.022033 0.016086 0.005011 0.001056 0.001324
0.0479 0.012246 0.049128 0.023537 0.015482 0.006568 0.001833 0.001127
0.02198 0.017958 0.129415 0.011199 0.005838 0.006064 0.001679 0.000986
0.009401 0.030644 0.005651 0.033043 0.012244 0.003718 0.001875 0.001412
0.01127 0.013071 0.088886 0.004439 0.009343 0.007206 0.000963 0.001327
0.552607 0.059084 0.027775 0.014572 0.006947 0.010778 0.0017 0.000806
0.050463 0.003385 0.022705 0.004377 0.004696 0.000994 0.000219 0.00017
0.049651 0.026664 0.223819 0.0506 0.011248 0.008218 0.001946 0.001561
0.019733 0.048355 0.019901 0.016646 0.007542 0.003357 0.001066 0.000693
0.019334 0.021051 0.062607 0.016543 0.010249 0.004902 0.003124 0.002428
0.428902 0.06651 0.030616 0.030278 0.011689 0.012384 0.001352 0.002039
0.020915 0.018336 0.165723 0.033412 0.012061 0.008502 0.0012 0.001255
0.070258 0.031008 0.147692 0.01811 0.006548 0.004762 0.001095 0.001739
0.006619 0.042532 0.144229 0.008979 0.018973 0.00761 0.002366 0.000932
0.05961 0.029234 0.033711 0.022811 0.02484 0.014565 0.002741 0.00248
0.016388 0.038316 0.087551 0.038486 0.010815 0.012799 0.011466 0.001729
0.007912 0.012419 0.142059 0.046278 0.036682 0.009913 0.003762 0.002178
0.020383 0.052694 0.13888 0.075428 0.022518 0.00592 0.006178 0.001605
0.042505 0.053076 0.058344 0.020241 0.014693 0.010292 0.012453 0.002678
0.059019 0.052091 0.088399 0.015498 0.038081 0.012599 0.005387 0.001282
0.032688 0.064544 0.108422 0.021368 0.030796 0.028177 0.005507 0.001091
0.047084 0.032529 0.083609 0.034933 0.005788 0.003921 0.000778 0.000765
0.056929 0.055609 0.014822 0.017214 0.006963 0.006962 0.002429 0.001147
0.012458 0.023516 0.026482 0.021682 0.003311 0.005433 0.001935 0.001849
0.033375 0.010232 0.100423 0.018478 0.013232 0.003948 0.001666 0.00096
0.010491 0.040334 0.023326 0.011874 0.007066 0.005538 0.004747 0.002908
0.028683 0.084917 0.036976 0.015017 0.00393 0.008339 0.001371 0.001034
0.041652 0.030215 0.021798 0.006041 0.00428 0.00334 0.001192 0.002184
0.01909 0.036468 0.11724 0.020588 0.004863 0.006957 0.001053 0.001028
0.133178 0.029581 0.068977 0.009814 0.008986 0.004647 0.000465 0.001201
0.02805 0.058254 0.032313 0.005941 0.008027 0.004307 0.001765 0.000761
0.017451 0.083826 0.014039 0.021377 0.007779 0.014114 0.001035 0.001534
0.008272 0.002761 0.044978 0.018041 0.009632 0.012571 0.00242 0.000604
0.032855 0.05778 0.101496 0.037672 0.008233 0.007417 0.001218 0.001898
0.077833 0.028161 0.058396 0.023551 0.008909 0.008346 0.00269 0.000953
0.043372 0.054348 0.067464 0.063178 0.030692 0.005491 0.001477 0.000886
0.084944 0.050131 0.142751 0.05263 0.016772 0.014144 0.001492 0.000794
0.121005 0.031365 0.046346 0.008508 0.010989 0.0027 0.000807 0.000667
0.092575 0.04623 0.002266 0.002041 0.002182 0.001729 0.000346 0.000321
0.119476 0.126406 0.070991 0.028707 0.024857 0.007438 0.001845 0.001174
0.025605 0.018228 0.01029 0.010674 0.0011 0.002356 0.000617 0.000246
0.065974 0.052647 0.016093 0.026555 0.014633 0.006865 0.002381 0.00242
0.05797 0.099585 0.099741 0.083101 0.020858 0.007287 0.003342 0.001247
0.036207 0.022446 0.056983 0.006493 0.019656 0.011538 0.002498 0.001644
0.008187 0.087989 0.109538 0.015544 0.018486 0.009418 0.00469 0.000866
0.018374 0.053921 0.231698 0.008672 0.017853 0.009077 0.0016 0.001542
0.065425 0.028247 0.037193 0.024381 0.031414 0.011887 0.001905 0.002308
0.09222 0.169866 0.072666 0.04594 0.01135 0.010179 0.018655 0.003181
0.40238 0.063781 0.053626 0.042804 0.031597 0.008349 0.0015 0.002647
0.216054 0.07119 0.0867 0.003119 0.010908 0.003455 0.002011 0.001738
0.025569 0.016178 0.00506 0.008554 0.004492 0.000686 0.000427 0.000737
1.273723 0.119964 0.05882 0.012351 0.02661 0.003482 0.003984 0.006333
0.021636 0.01225 0.044441 0.006169 0.004388 0.006685 0.002232 0.000982
0.159175 0.050857 0.185799 0.002947 0.01217 0.005258 0.002016 0.001679
0.01804 0.032195 0.017265 0.009472 0.009576 0.00687 0.001383 0.001544
0.070847 0.013757 0.016859 0.003005 0.002526 0.000778 0.000328 0.000298
0.058934 0.043414 0.037921 0.005906 0.017941 0.003813 0.000985 0.000864
0.043089 0.028123 0.02766 0.017523 0.009326 0.006548 0.000405 0.001607
0.061823 0.021878 0.005209 0.004635 0.002384 0.001367 0.000475 0.0003
0.058253 0.016088 0.010335 0.003985 0.00316 0.008138 0.001096 0.001622
0.033346 0.097154 0.00502 0.040258 0.018056 0.003339 0.001782 0.001165
0.044639 0.050889 0.149086 0.00141 0.031392 0.008009 0.001579 0.00262
0.009707 0.052479 0.07509 0.011572 0.012378 0.020885 0.001936 0.000941
0.052715 0.020758 0.051709 0.005357 0.008646 0.002861 0.004309 0.001678
0.271668 0.024912 0.029235 0.010421 0.010784 0.015587 0.022751 0.011569
0.050201 0.00935 0.039357 0.022672 0.010487 0.005266 0.002002 0.006722
0.048104 0.017201 0.011643 0.025808 0.006422 0.004342 0.001992 0.002407
0.308406 0.039942 0.002309 0.004718 0.00732 0.00139 0.000573 0.000347
0.098371 0.135338 0.010573 0.01095 0.007712 0.010286 0.004302 0.002083
0.02474 0.03999 0.034161 0.006596 0.004803 0.017143 0.00658 0.001158
0.537324 0.024629 0.044345 0.010748 0.013779 0.011304 0.006015 0.002831
0.057112 0.114501 0.023606 0.029069 0.00414 0.004637 0.001233 0.001679
0.060029 0.024801 0.013711 0.006661 0.004662 0.004494 0.001513 0.000639
0.056131 0.019665 0.009863 0.006273 0.012243 0.014563 0.005522 0.001959
0.020432 0.025711 0.024846 0.017703 0.02769 0.01705 0.006077 0.001116
0.021657 0.035705 0.010074 0.019816 0.016644 0.007417 0.003353 0.002425
0.132777 0.071594 0.021979 0.030064 0.013459 0.009528 0.00596 0.000975
0.8403 0.111855 0.035837 0.053981 0.025146 0.01211 0.007634 0.002459
0.047118 0.011871 0.00204 0.019381 0.005326 0.005 0.004132 0.003464
0.092497 0.026434 0.017778 0.013237 0.018207 0.01607 0.003245 0.00367
0.14236 0.032786 0.008954 0.002221 0.007792 0.002345 0.001257 0.002613
0.025924 0.036377 0.005887 0.026198 0.01441 0.005284 0.002843 0.004473
0.344715 0.042018 0.033665 0.036457 0.011344 0.031835 0.004291 0.001549
0.027652 0.018738 0.033348 0.008554 0.031721 0.00985 0.004042 0.001923
0.104256 0.074914 0.009025 0.007001 0.014795 0.01162 0.00689 0.002133
0.030215 0.018749 0.009745 0.007536 0.00497 0.002546 0.000609 0.000656
0.037641 0.118132 0.00959 0.006288 0.000771 0.002568 0.000693 0.000486
0.015922 0.013654 0.041361 0.003533 0.017418 0.008635 0.002932 0.001906
0.112106 0.061966 0.017565 0.018561 0.006529 0.004234 0.003935 0.000851
0.522943 0.100839 0.015252 0.007756 0.022501 0.006369 0.002468 0.001766
0.023113 0.006419 0.002346 0.002078 0.00081 0.002269 0.000394 0.000261
0.083405 0.0208 0.016905 0.002473 0.001424 0.002198 0.000886 0.000456
0.188831 0.066703 0.021405 0.029205 0.012664 0.008154 0.00195 0.001192
0.009603 0.05717 0.046455 0.024134 0.016111 0.003842 0.001786 0.001176
0.16258 0.02339 0.00687 0.002965 0.005611 0.001811 0.000515 0.000508
0.055078 0.009102 0.008315 0.002301 0.003231 0.001379 0.000245 0.000495
0.040804 0.063105 0.014605 0.008278 0.01687 0.009863 0.001801 0.001239
0.024865 0.027942 0.003951 0.004306 0.008135 0.005554 0.001426 0.001454
0.105298 0.009613 0.007926 0.005304 0.006846 0.004192 0.00253 0.001555
0.006087 0.034568 0.007285 0.006417 0.005386 0.010037 0.001401 0.001955
0.00349 0.014884 0.007057 0.006669 0.012631 0.011781 0.001943 0.001325
